\Box
-0.264744 -0.115745 -0.957313
-1.53276 -1.56995 -0.430772
-1.26801 -1.45419 0.52653
-5.61644e-08 2.53487e-09 -3.57773e-08
0.461809 -0.792426 -1.07643
-0.806189 -2.24661 -0.549871
-0.541435 -2.13088 0.407431
0.72655 -0.676673 -0.119109
\Edges
1 6 2
0 1 2
1 5 6
1 4 5
0 2 3
0 4 1
2 7 6
4 5 6
2 3 7
0 7 3
4 6 7
0 4 7
\Box2
1.66608 1.80228 0.729221
1.03207 0.285365 -1.71536
1.16445 -1.09271 -2.02036
1.79845 0.424184 0.424184
2.02936 1.64261 -0.226242
1.39536 0.125682 -2.6708
1.52773 -1.25241 -2.97585
2.16173 0.26451 -0.531271
\Edges
1 6 2
0 1 2
1 5 6
1 4 5
0 2 3
0 4 1
2 7 6
4 5 6
2 3 7
0 7 3
4 6 7
0 4 7
\Box3
1.18929 1.38261 0.54433
-0.491769 1.52852 -0.529244
-0.99803 1.77532 0.297018
0.683012 1.62941 1.37059
0.996516 0.416314 0.71483
-0.684539 0.562232 -0.358713
-1.19082 0.809009 0.467541
0.490235 0.663122 1.5411
\Edges
1 6 2
0 1 2
1 5 6
1 4 5
0 2 3
0 4 1
2 7 6
4 5 6
2 3 7
0 7 3
4 6 7
0 4 7
